ASSIGNED CARS: DRIVER ( PASSENGER)* 

89
128
75
80
109
110
111
112
114
107 116
194
122 121
123 195 120
124 196
125 174
126 193
155 119
8 117
72
201
145
204 205
129 93
96 95 115 113
77 78 97 127 118
60 92 108 67 90
43 176 143 11 139
46 13 12 79 2
70 68 69 73
61 91
173 199 200 3 74
181 94
170 152 65 138
153 157 154 55
164 161 171 177
165 159 172 158 198
29 28 167 169
31 27 30 179 166
32 20 62
38 37 33 168
39 26 35 36 160
23 16 21 19 17
88 186 203 202
41 14 15 22 34
85 180 146
156 182 175 10 9
45 71 76 183 163
137 81 56 57 178
133 162 18 24 40
59 4 134 150 25
66 47 49 48 50
151 84 83
87 136 6 7 82
53 54 52 86 5
98 101 106 104 51
102 105 100 103 99
44 191 190 192 135
142 189 187 141 188
197 149 130 131 140
148 147 42 58 132
64 63 144 185 184
