ASSIGNED CARS: DRIVER ( PASSENGER)* 

89
90
128 91
75
110
111 109
107 116 112
124 195 120 121
125 123 196
126 194 174
127 80 193
155 118 119
72
201 202 94
135 114 122 113
139 93
3 8 117
65 9 138 146
96 92 95 97 115
43 176 143 11 129
46 13 12 79 2
70 68 69 60 108
173 199 200 78 77
81 57 73 74 67
152 163 178 177 55
62 61 161 10 198
170 166 171 160 180
153 157 154 179 181
165 159 172 164 158
20 168 37 169 167
31 35 30 29 36
38 26 33 32 34
19 27 17 16 39
88 186 203 205 204
41 14 15 22 21
156 182 25 40 28
45 76 85 183 175
150 162 18 23 24
47 49 50 48 71
59 4 133 132 134
151 137 84 83 56
136 5 6 7 82
53 54 52 86 87
98 101 106 104 51
102 105 100 103 99
44 191 190 192 145
142 189 187 141 188
197 149 130 131 140
148 147 42 58 66
64 63 144 185 184
