ASSIGNED CARS: DRIVER ( PASSENGER)* 

89
128
75
111
112 110
114 109
194 90 91
122 107 116
123 121
124 196 195 120
125 115 117
126 80 174
155 119 113
72
201 202 94
135 8 127 118
139 93
146
65 198 9 138
96 97 74 193
60 3 92 108 2
43 176 143 11 129
46 13 12 79 77
70 68 69 67 73
173 199 200 78 95
81 56 57 177 55
154 163 178
62 61 161 10
181 179 152 180 157
170 166 171 160 167
172 159 164 153 158
31 29 30 168 165
38 37 32 20 27
39 34 35 33 36
21 28 19 17 16
88 186 203 205 204
41 14 40 15 22
156 182 25 26 169
45 76 85 183 175
150 162 18 23 24
47 49 50 48 71
59 4 133 132 134
151 137 84 83
136 5 6 7 82
53 54 52 86 87
98 101 106 104 51
102 105 100 103 99
44 191 190 192 145
142 189 187 141 188
197 149 130 131 140
148 147 42 58 66
64 63 144 185 184
